Total_visits,Customer,cumulative,cumulative %
1,19082,35119,100%
2,7270,16037,46%
3,3265,8767,25%
4,2381,5502,16%
5,812,3121,9%
6,781,2309,7%
7,185,1528,4%
8,429,1343,4%
9,99,914,3%
10,815,815,2%
